C999 BAOMA 7XI 1 0.00 9 0 1.20 42.00 26.00
C003 BYD YuanPlu 2 0.00 9 1 2.00 15.00 12.00
C002 BYD SongPro 1 0.50 7 0 1.00 20.00 16.00
C017 BYD SongMAX 1 0.50 8 0 2.20 22.00 18.50
C012 BYD Seal 2 0.00 10 0 1.80 25.00 22.00
C001 BYD HanEV 2 0.00 8 0 1.50 30.00 25.00
C004 GW HavalH6 1 0.00 8 0 1.20 18.00 14.50
C018 GW OGC 1 0.00 8 0 1.80 18.00 15.00
C013 GW WEY 1 0.00 7 1 3.00 28.00 24.00
C005 GW Tank 1 0.00 9 0 2.50 30.00 27.00
C008 Li AutoONE 2 0.50 8 0 2.80 38.00 33.00
C015 Li AutoL8 2 0.50 9 0 3.00 42.00 38.00
C006 NIO ES6 2 0.00 8 0 2.00 35.00 30.00
C014 NIO EC7 2 0.50 9 0 2.50 35.00 31.00
C007 NIO ET7 2 0.00 9 1 3.00 40.00 34.00
C019 NIO ES8 2 0.50 10 0 2.50 45.00 40.00
C020 XPeng P5 2 0.50 8 0 2.20 27.00 22.00
C016 XPeng X7 2 0.00 9 0 2.00 30.00 26.00
C011 XPeng G9 2 0.50 8 1 2.50 32.00 27.50
C998 11 1 1 11.00 1 1 11.00 1.00 11.00
